total_time,call_back_time,test_acc,test_loss
418.7860107421875,"[105.85690259933472, 104.31767153739929, 101.98851370811462, 104.83294367790222]",0.7843897938728333,0.6869675517082214
414.5866060256958,"[104.5979368686676, 105.82485508918762, 102.59382390975952, 100.9191403388977]",0.7843897938728333,0.6868779063224792
429.6050410270691,"[106.92891931533813, 109.26119232177734, 106.02344226837158, 106.71374607086182]",0.7843897938728333,0.6868583559989929
428.0868709087372,"[105.90242767333984, 105.8954541683197, 107.06480741500854, 108.48967409133911]",0.7843897938728333,0.6877128481864929
420.5383813381195,"[106.75754189491272, 105.24739789962769, 103.84995698928833, 104.30705618858337]",0.7843897938728333,0.68785560131073
452.5005419254303,"[112.35622096061707, 113.44656896591187, 111.63831448554993, 114.66117119789124]",0.7843897938728333,0.6894317865371704
564.608327627182,"[116.63911461830139, 107.40170216560364, 111.81972289085388, 113.38896703720093, 114.9622049331665]",0.7843897938728333,0.6865635514259338
561.1460888385773,"[110.36177802085876, 111.87272071838379, 114.14307570457458, 111.92079186439514, 112.19509816169739]",0.7843897938728333,0.6866368651390076
2336.176766872406,"[110.92214584350586, 112.28413772583008, 109.05740332603455, 112.9461669921875, 110.45967626571655, 110.97230339050293, 109.31110286712646, 113.2370331287384, 115.42652297019958, 114.9999303817749, 111.43125557899475, 107.93996500968933, 111.91386699676514, 113.07193303108215, 109.32332968711853, 113.79232048988342, 110.81833696365356, 110.50482106208801, 108.18931889533997, 108.82851934432983, 109.95012092590332]",0.7843897938728333,0.6514606475830078
2497.3446114063263,"[117.4395637512207, 112.56622195243835, 112.41287231445312, 113.70403456687927, 114.76283311843872, 110.92925262451172, 112.31254005432129, 112.92534637451172, 111.60876822471619, 112.94492030143738, 113.83328485488892, 113.93901801109314, 114.3606915473938, 114.40620851516724, 116.45907402038574, 114.79980373382568, 111.06818628311157, 113.580148935318, 114.08234310150146, 113.47557663917542, 115.84538888931274, 109.16813683509827]",0.7846054434776306,0.6548067927360535
1608.3093178272247,"[125.13461828231812, 123.64644193649292, 125.36184120178223, 124.54864025115967, 122.33828020095825, 121.01144051551819, 121.9902229309082, 125.27148747444153, 124.04489183425903, 122.87212371826172, 123.7486720085144, 125.53851056098938, 122.1140410900116]",0.7843897938728333,0.6556985974311829
719.8662533760071,"[119.54004645347595, 120.99822306632996, 118.70992302894592, 120.11575222015381, 119.61141014099121, 120.15475821495056]",0.7843897938728333,0.6633972525596619
2514.1211791038513,"[132.76498746871948, 130.58312797546387, 131.57367396354675, 130.69703602790833, 132.87490463256836, 133.2354679107666, 131.93031787872314, 131.77979254722595, 131.11053347587585, 133.597580909729, 131.79807090759277, 135.4670867919922, 131.89159274101257, 132.6947283744812, 132.11718916893005, 132.24182033538818, 132.1268916130066, 131.70883417129517, 133.4707555770874]",0.7843897938728333,0.658612072467804
2823.4786643981934,"[177.52066493034363, 176.6806104183197, 176.65107607841492, 175.58902883529663, 176.23199439048767, 177.01439309120178, 176.14092445373535, 177.08790230751038, 175.31695008277893, 176.73392343521118, 176.45760679244995, 177.44642329216003, 175.26336669921875, 176.33707785606384, 176.51030135154724, 176.05691480636597]",0.7843897938728333,0.6546887755393982
5310.653206348419,"[266.74717950820923, 267.6752610206604, 268.9594647884369, 266.5329041481018, 263.6182150840759, 261.93598437309265, 264.17730712890625, 263.05387115478516, 265.8898184299469, 262.08442997932434, 266.09951305389404, 266.7083864212036, 267.8425714969635, 265.6234200000763, 264.73229217529297, 265.55279064178467, 263.53995537757874, 267.420494556427, 265.46028661727905, 266.56955218315125]",0.7843897938728333,0.6522647142410278
3704.007312297821,"[149.76811027526855, 149.51864171028137, 149.3295464515686, 146.7827079296112, 149.20605182647705, 149.42986297607422, 144.67630290985107, 149.94465947151184, 149.32658767700195, 146.59496521949768, 149.0335259437561, 148.3676061630249, 148.88677167892456, 147.71278643608093, 146.26396870613098, 148.39914965629578, 146.3850347995758, 147.70155024528503, 146.91439962387085, 147.85217452049255, 148.15999627113342, 148.77035069465637, 148.88696026802063, 147.05791854858398, 148.555602312088]",0.7856835126876831,0.6242191195487976
3759.502705335617,"[151.26330614089966, 152.90855932235718, 151.30669713020325, 152.68311738967896, 151.21767282485962, 150.67670440673828, 148.79120349884033, 150.06525945663452, 147.60831689834595, 150.52840852737427, 149.3325617313385, 151.05341863632202, 149.5381395816803, 153.7764127254486, 152.06782603263855, 150.4542853832245, 150.24801969528198, 150.0289409160614, 151.31876969337463, 151.2274649143219, 151.35857844352722, 150.98820972442627, 146.66718649864197, 143.17534732818604, 150.78188681602478]",0.799482524394989,0.5697586536407471
528.8170506954193,"[104.1469931602478, 105.67680335044861, 108.13801574707031, 103.6921124458313, 106.77571725845337]",0.7843897938728333,0.6869069337844849
3795.6166870594025,"[152.16571688652039, 150.0742678642273, 154.2040557861328, 152.0797905921936, 153.05211806297302, 152.26910734176636, 150.6594753265381, 150.9731466770172, 153.31865096092224, 152.77169799804688, 155.15128231048584, 150.31853103637695, 152.30228281021118, 152.49193572998047, 151.01121139526367, 150.56689262390137, 150.8972384929657, 154.9151577949524, 151.73781442642212, 150.41595196723938, 152.12690901756287, 151.33072447776794, 150.55015206336975, 150.40240335464478, 149.13902878761292]",0.8040103316307068,0.557442307472229
1605.1937601566315,"[107.75178861618042, 103.69782280921936, 108.86689257621765, 102.74121403694153, 113.25043177604675, 106.27257800102234, 107.83338928222656, 112.93322777748108, 104.94159483909607, 103.93357872962952, 108.5773115158081, 105.09900116920471, 106.20195770263672, 105.7012300491333, 106.99274563789368]",0.7843897938728333,0.6865925788879395
3049.846543073654,"[121.65935182571411, 120.35427808761597, 121.51522660255432, 119.52517557144165, 123.27136254310608, 125.05683994293213, 123.34992742538452, 121.79234290122986, 121.38110017776489, 120.22258996963501, 128.51168870925903, 116.48601341247559, 121.85852074623108, 122.48133587837219, 122.97690677642822, 120.79050135612488, 119.61410737037659, 118.772531747818, 126.20210385322571, 124.42355155944824, 123.37266278266907, 117.94256830215454, 124.6148476600647, 119.55496954917908, 123.6658661365509]",0.7843897938728333,0.6527583003044128
